0 6 15 2 10 2 2 0 0 1 2 1 2 4 0
1 1 0 1 3 0 0 0 0 0 0 0 0 0 0
%%
5 3 3 0 0 0 0 
14004 80
14003 1
14002 123
15001 1.0
16001 [5,6]
16000 [256,78]
16002 [1,2]
14001 2
15002 2.0
14000 3
15000 5.0
%%
21001 -1 -1 9
20008 16000 16001 9000
21010 9000 -1 -1
20010 21000 22000 29000
20010 15000 14000 29001
20008 29000 29001 29002
21000 29002 -1 1000
21008 1000 -1 -1
21004 -1 -1 -1
21005 1234 -1 -1
20008 101 102 7000
21006 7000 -1 0
20009 102 101 7001
20010 7001 15001 8000
21006 8000 -1 1
21007 3 -1 8001
20010 1000 100 8002
20008 8002 1000 8003
21000 8003 -1 1001
20004 1001 100 11000
20001 11000 4000 11001
21002 11001 -1 24
20010 100 14001 7002
21000 7002 -1 100
21005 1234 -1 -1
21006 14002 -1 0
21006 15002 -1 1
21007 3 -1 8004
21005 1234 -1 -1
21006 101 -1 0
21006 15000 -1 1
21007 3 -1 8005
20008 1001 8005 8006
21000 8006 -1 1000
21005 1234 -1 -1
21006 101 -1 0
21006 15000 -1 1
21007 3 -1 8007
20010 1001 100 8008
20008 8007 8008 8009
21000 8009 -1 1001
20008 5000 16002 12000
21000 12000 -1 5000
20012 2000 -1 7003
20013 2001 -1 7004
20012 5000 -1 7005
20010 7004 7005 7006
20008 7003 7006 7007
21000 7007 -1 100
20009 16002 2001 9001
20012 9001 -1 7008
20008 5000 2001 12001
20013 12001 -1 7009
20011 7008 7009 7010
21000 7010 -1 101
21000 14003 -1 103
21012 6001 103 -1
21013 6000 -1 7011
21014 6001 7011 -1
21014 6000 6001 -1
20011 14001 14000 7012
21000 7012 -1 104
21012 6002 104 -1
21013 6000 -1 7013
21014 6002 7013 -1
21014 6000 6002 -1
21000 14004 -1 105
21012 6003 105 -1
21013 6000 -1 7014
21014 6003 7014 -1
21014 6000 6003 -1
